task_id,epoch,stage,loss,learning_rate,class_name,img_auc,pixel_auc,img_ap,pixel_ap,routing_accuracy
0,0.0,BASE,150.42352905273438,9.984740801978984e-05,,,,,,
0,1.0,BASE,85.00901463826497,9.939057285945931e-05,,,,,,
0,2.0,BASE,-2.939209230740865,9.863231105968498e-05,,,,,,
0,3.0,BASE,-112.51693725585938,9.75772975566101e-05,,,,,,
0,4.0,BASE,-220.88348388671875,9.623203685930868e-05,,,,,,
0,5.0,BASE,-311.9514404296875,9.46048229473242e-05,,,,,,
0,6.0,BASE,-380.5710896809896,9.270568813552755e-05,,,,,,
0,7.0,BASE,-424.19297281901044,9.054634122155989e-05,,,,,,
0,8.0,BASE,-454.0402364095052,8.814009529720152e-05,,,,,,
0,9.0,BASE,-476.5470865885417,8.550178566873408e-05,,,,,,
0,10.0,BASE,-494.7490661621094,8.264767839234409e-05,,,,,,
0,11.0,BASE,-510.07594197591146,7.959536998847741e-05,,,,,,
0,12.0,BASE,-524.605029296875,7.636367895343945e-05,,,,,,
0,13.0,BASE,-536.765283203125,7.297252973710755e-05,,,,,,
0,14.0,BASE,-547.4113199869792,6.944282990207194e-05,,,,,,
0,15.0,BASE,-556.6617350260417,6.57963412215599e-05,,,,,,
0,16.0,BASE,-565.1896036783854,6.205554551086731e-05,,,,,,
0,17.0,BASE,-572.7585530598958,5.824350601949142e-05,,,,,,
0,18.0,BASE,-579.2896484375,5.438372523852832e-05,,,,,,
0,19.0,BASE,-585.478194173177,5.0499999999999994e-05,,,,,,
0,20.0,BASE,-591.4652384440104,4.6616274761471674e-05,,,,,,
0,21.0,BASE,-597.2470947265625,4.275649398050858e-05,,,,,,
0,22.0,BASE,-601.0109741210938,3.894445448913268e-05,,,,,,
0,23.0,BASE,-605.083447265625,3.52036587784401e-05,,,,,,
0,24.0,BASE,-608.6058756510416,3.155717009792805e-05,,,,,,
0,25.0,BASE,-611.7998250325521,2.802747026289243e-05,,,,,,
0,26.0,BASE,-614.6452189127605,2.463632104656053e-05,,,,,,
0,27.0,BASE,-617.3448486328125,2.1404630011522583e-05,,,,,,
0,28.0,BASE,-619.4723754882813,1.835232160765591e-05,,,,,,
0,29.0,BASE,-620.9715209960938,1.5498214331265897e-05,,,,,,
0,30.0,BASE,-622.8944742838542,1.2859904702798466e-05,,,,,,
0,31.0,BASE,-624.7101033528646,1.0453658778440104e-05,,,,,,
0,32.0,BASE,-625.340966796875,8.294311864472434e-06,,,,,,
0,33.0,BASE,-626.151534016927,6.395177052675791e-06,,,,,,
0,34.0,BASE,-627.3218709309896,4.767963140691304e-06,,,,,,
0,35.0,BASE,-628.1205118815104,3.4227024433898985e-06,,,,,,
0,36.0,BASE,-628.1877034505209,2.3676889403150093e-06,,,,,,
0,37.0,BASE,-628.8019694010417,1.6094271405406855e-06,,,,,,
0,38.0,BASE,-628.7832967122396,1.1525919802101657e-06,,,,,,
0,39.0,BASE,-629.0538736979166,1.0000000000000002e-06,,,,,,
1,0.0,FAST,830.2902679443359,5e-05,,,,,,
1,1.0,FAST,341.71400785446167,0.0001,,,,,,
1,2.0,FAST,6.1866405457258224,9.984740801978984e-05,,,,,,
1,3.0,FAST,-102.04631996154785,9.939057285945931e-05,,,,,,
1,4.0,FAST,-201.06937313079834,9.863231105968498e-05,,,,,,
1,5.0,FAST,-238.7804822921753,9.75772975566101e-05,,,,,,
1,6.0,FAST,-251.64796352386475,9.623203685930868e-05,,,,,,
1,7.0,FAST,-263.01208877563477,9.46048229473242e-05,,,,,,
1,8.0,FAST,-275.1102352142334,9.270568813552755e-05,,,,,,
1,9.0,FAST,-285.21503829956055,9.054634122155989e-05,,,,,,
1,10.0,FAST,-293.6389579772949,8.814009529720152e-05,,,,,,
1,11.0,FAST,-302.5144901275635,8.550178566873408e-05,,,,,,
1,12.0,FAST,-311.66237449645996,8.264767839234409e-05,,,,,,
1,13.0,FAST,-321.25366592407227,7.959536998847741e-05,,,,,,
1,14.0,FAST,-329.5437259674072,7.636367895343945e-05,,,,,,
1,15.0,FAST,-337.567964553833,7.297252973710755e-05,,,,,,
1,16.0,FAST,-345.30748558044434,6.944282990207194e-05,,,,,,
1,17.0,FAST,-351.9293918609619,6.57963412215599e-05,,,,,,
1,18.0,FAST,-358.1792907714844,6.205554551086731e-05,,,,,,
1,19.0,FAST,-364.5561103820801,5.824350601949142e-05,,,,,,
1,20.0,FAST,-370.0057201385498,5.438372523852832e-05,,,,,,
1,21.0,FAST,-374.84875679016113,5.0499999999999994e-05,,,,,,
1,22.0,FAST,-378.76860427856445,4.6616274761471674e-05,,,,,,
1,23.0,FAST,-382.94649505615234,4.275649398050858e-05,,,,,,
1,24.0,FAST,-386.4491081237793,3.894445448913268e-05,,,,,,
1,25.0,FAST,-389.2111511230469,3.52036587784401e-05,,,,,,
1,26.0,FAST,-392.0528163909912,3.155717009792805e-05,,,,,,
1,27.0,FAST,-394.3546600341797,2.802747026289243e-05,,,,,,
1,28.0,FAST,-396.6439723968506,2.463632104656053e-05,,,,,,
1,29.0,FAST,-397.8890857696533,2.1404630011522583e-05,,,,,,
1,30.0,FAST,-400.57797622680664,1.835232160765591e-05,,,,,,
1,31.0,FAST,-401.8702507019043,1.5498214331265897e-05,,,,,,
1,32.0,FAST,-403.1645965576172,1.2859904702798466e-05,,,,,,
1,33.0,FAST,-404.262975692749,1.0453658778440104e-05,,,,,,
1,34.0,FAST,-405.31642150878906,8.294311864472434e-06,,,,,,
1,35.0,FAST,-405.84680366516113,6.395177052675791e-06,,,,,,
1,36.0,FAST,-406.33598709106445,4.767963140691304e-06,,,,,,
1,37.0,FAST,-406.4623374938965,3.4227024433898985e-06,,,,,,
1,38.0,FAST,-407.25983238220215,2.3676889403150093e-06,,,,,,
1,39.0,FAST,-407.098108291626,1.6094271405406855e-06,,,,,,
2,0.0,FAST,847.9107806865985,5e-05,,,,,,
2,1.0,FAST,531.5284682053787,0.0001,,,,,,
2,2.0,FAST,134.1293513958271,9.984740801978984e-05,,,,,,
2,3.0,FAST,4.208099599067982,9.939057285945931e-05,,,,,,
2,4.0,FAST,-63.609628677368164,9.863231105968498e-05,,,,,,
2,5.0,FAST,-128.83357180081882,9.75772975566101e-05,,,,,,
2,6.0,FAST,-163.6363807091346,9.623203685930868e-05,,,,,,
2,7.0,FAST,-179.36034451998196,9.46048229473242e-05,,,,,,
2,8.0,FAST,-191.9630619929387,9.270568813552755e-05,,,,,,
2,9.0,FAST,-206.68520179161658,9.054634122155989e-05,,,,,,
2,10.0,FAST,-220.8890862098107,8.814009529720152e-05,,,,,,
2,11.0,FAST,-233.73873549241287,8.550178566873408e-05,,,,,,
2,12.0,FAST,-245.0229726938101,8.264767839234409e-05,,,,,,
2,13.0,FAST,-255.19868703988882,7.959536998847741e-05,,,,,,
2,14.0,FAST,-264.8329561673678,7.636367895343945e-05,,,,,,
2,15.0,FAST,-273.72225482647235,7.297252973710755e-05,,,,,,
2,16.0,FAST,-282.05716411884015,6.944282990207194e-05,,,,,,
2,17.0,FAST,-289.22713763897235,6.57963412215599e-05,,,,,,
2,18.0,FAST,-296.1224036583534,6.205554551086731e-05,,,,,,
2,19.0,FAST,-301.95316725510816,5.824350601949142e-05,,,,,,
2,20.0,FAST,-307.03983248197113,5.438372523852832e-05,,,,,,
2,21.0,FAST,-311.2746370755709,5.0499999999999994e-05,,,,,,
2,22.0,FAST,-315.43082134540265,4.6616274761471674e-05,,,,,,
2,23.0,FAST,-318.84720552884613,4.275649398050858e-05,,,,,,
2,24.0,FAST,-321.9564983661358,3.894445448913268e-05,,,,,,
2,25.0,FAST,-324.6418011005108,3.52036587784401e-05,,,,,,
2,26.0,FAST,-327.2577655498798,3.155717009792805e-05,,,,,,
2,27.0,FAST,-329.3370126577524,2.802747026289243e-05,,,,,,
2,28.0,FAST,-330.9908775916466,2.463632104656053e-05,,,,,,
2,29.0,FAST,-332.545654296875,2.1404630011522583e-05,,,,,,
2,30.0,FAST,-333.8336134690505,1.835232160765591e-05,,,,,,
2,31.0,FAST,-334.7359595665565,1.5498214331265897e-05,,,,,,
2,32.0,FAST,-336.16742178109973,1.2859904702798466e-05,,,,,,
2,33.0,FAST,-337.13620229867786,1.0453658778440104e-05,,,,,,
2,34.0,FAST,-337.83526611328125,8.294311864472434e-06,,,,,,
2,35.0,FAST,-338.3071030836839,6.395177052675791e-06,,,,,,
2,36.0,FAST,-339.05979802058295,4.767963140691304e-06,,,,,,
2,37.0,FAST,-339.6768399752103,3.4227024433898985e-06,,,,,,
2,38.0,FAST,-339.20586453951324,2.3676889403150093e-06,,,,,,
2,39.0,FAST,-339.85289353590747,1.6094271405406855e-06,,,,,,
3,0.0,FAST,691.6192878274356,5e-05,,,,,,
3,1.0,FAST,278.60302913890166,0.0001,,,,,,
3,2.0,FAST,-20.741863026338464,9.984740801978984e-05,,,,,,
3,3.0,FAST,-137.5479408712948,9.939057285945931e-05,,,,,,
3,4.0,FAST,-249.7269448673024,9.863231105968498e-05,,,,,,
3,5.0,FAST,-295.1930829216452,9.75772975566101e-05,,,,,,
3,6.0,FAST,-319.95972218233,9.623203685930868e-05,,,,,,
3,7.0,FAST,-345.91849831973803,9.46048229473242e-05,,,,,,
3,8.0,FAST,-365.353811825023,9.270568813552755e-05,,,,,,
3,9.0,FAST,-379.5279271742877,9.054634122155989e-05,,,,,,
3,10.0,FAST,-391.3925134995404,8.814009529720152e-05,,,,,,
3,11.0,FAST,-402.0867722455193,8.550178566873408e-05,,,,,,
3,12.0,FAST,-412.4523351332721,8.264767839234409e-05,,,,,,
3,13.0,FAST,-419.90418198529414,7.959536998847741e-05,,,,,,
3,14.0,FAST,-427.54991239659927,7.636367895343945e-05,,,,,,
3,15.0,FAST,-435.1908964269301,7.297252973710755e-05,,,,,,
3,16.0,FAST,-442.2671167710248,6.944282990207194e-05,,,,,,
3,17.0,FAST,-447.76957612879136,6.57963412215599e-05,,,,,,
3,18.0,FAST,-452.84161376953125,6.205554551086731e-05,,,,,,
3,19.0,FAST,-457.370995016659,5.824350601949142e-05,,,,,,
3,20.0,FAST,-461.342477237477,5.438372523852832e-05,,,,,,
3,21.0,FAST,-464.73301427504595,5.0499999999999994e-05,,,,,,
3,22.0,FAST,-468.65318388097427,4.6616274761471674e-05,,,,,,
3,23.0,FAST,-470.3514512005974,4.275649398050858e-05,,,,,,
3,24.0,FAST,-473.14785587086396,3.894445448913268e-05,,,,,,
3,25.0,FAST,-476.5030212402344,3.52036587784401e-05,,,,,,
3,26.0,FAST,-477.96925084731157,3.155717009792805e-05,,,,,,
3,27.0,FAST,-479.72204410328584,2.802747026289243e-05,,,,,,
3,28.0,FAST,-481.60261625402114,2.463632104656053e-05,,,,,,
3,29.0,FAST,-483.3332286161535,2.1404630011522583e-05,,,,,,
3,30.0,FAST,-485.18087409524355,1.835232160765591e-05,,,,,,
3,31.0,FAST,-485.61232981962314,1.5498214331265897e-05,,,,,,
3,32.0,FAST,-486.95905079561123,1.2859904702798466e-05,,,,,,
3,33.0,FAST,-488.7152530445772,1.0453658778440104e-05,,,,,,
3,34.0,FAST,-488.28304694680605,8.294311864472434e-06,,,,,,
3,35.0,FAST,-488.7977025649127,6.395177052675791e-06,,,,,,
3,36.0,FAST,-489.30128209731157,4.767963140691304e-06,,,,,,
3,37.0,FAST,-489.6673548081342,3.4227024433898985e-06,,,,,,
3,38.0,FAST,-490.1746359432445,2.3676889403150093e-06,,,,,,
3,39.0,FAST,-490.4215716193704,1.6094271405406855e-06,,,,,,
4,0.0,FAST,814.4828898111979,5e-05,,,,,,
4,1.0,FAST,405.34233907063805,0.0001,,,,,,
4,2.0,FAST,61.077915064493816,9.984740801978984e-05,,,,,,
4,3.0,FAST,-35.84264891942342,9.939057285945931e-05,,,,,,
4,4.0,FAST,-120.38659871419271,9.863231105968498e-05,,,,,,
4,5.0,FAST,-172.98200276692708,9.75772975566101e-05,,,,,,
4,6.0,FAST,-201.41378275553384,9.623203685930868e-05,,,,,,
4,7.0,FAST,-225.62762552897135,9.46048229473242e-05,,,,,,
4,8.0,FAST,-251.06969604492187,9.270568813552755e-05,,,,,,
4,9.0,FAST,-277.7417765299479,9.054634122155989e-05,,,,,,
4,10.0,FAST,-305.3820088704427,8.814009529720152e-05,,,,,,
4,11.0,FAST,-331.8616495768229,8.550178566873408e-05,,,,,,
4,12.0,FAST,-354.02154744466145,8.264767839234409e-05,,,,,,
4,13.0,FAST,-370.1296366373698,7.959536998847741e-05,,,,,,
4,14.0,FAST,-382.320703125,7.636367895343945e-05,,,,,,
4,15.0,FAST,-392.4938171386719,7.297252973710755e-05,,,,,,
4,16.0,FAST,-400.1851359049479,6.944282990207194e-05,,,,,,
4,17.0,FAST,-407.4067728678385,6.57963412215599e-05,,,,,,
4,18.0,FAST,-413.5633138020833,6.205554551086731e-05,,,,,,
4,19.0,FAST,-419.4665832519531,5.824350601949142e-05,,,,,,
4,20.0,FAST,-425.0658833821615,5.438372523852832e-05,,,,,,
4,21.0,FAST,-429.8092305501302,5.0499999999999994e-05,,,,,,
4,22.0,FAST,-433.6277323404948,4.6616274761471674e-05,,,,,,
4,23.0,FAST,-437.5361694335937,4.275649398050858e-05,,,,,,
4,24.0,FAST,-441.0249084472656,3.894445448913268e-05,,,,,,
4,25.0,FAST,-443.7538167317708,3.52036587784401e-05,,,,,,
4,26.0,FAST,-446.60630696614584,3.155717009792805e-05,,,,,,
4,27.0,FAST,-448.9788289388021,2.802747026289243e-05,,,,,,
4,28.0,FAST,-450.9835917154948,2.463632104656053e-05,,,,,,
4,29.0,FAST,-453.1136006673177,2.1404630011522583e-05,,,,,,
4,30.0,FAST,-454.5154337565104,1.835232160765591e-05,,,,,,
4,31.0,FAST,-455.947216796875,1.5498214331265897e-05,,,,,,
4,32.0,FAST,-457.28114217122396,1.2859904702798466e-05,,,,,,
4,33.0,FAST,-458.1034261067708,1.0453658778440104e-05,,,,,,
4,34.0,FAST,-459.0442830403646,8.294311864472434e-06,,,,,,
4,35.0,FAST,-459.80279134114585,6.395177052675791e-06,,,,,,
4,36.0,FAST,-460.23912353515624,4.767963140691304e-06,,,,,,
4,37.0,FAST,-461.0153116861979,3.4227024433898985e-06,,,,,,
4,38.0,FAST,-461.22515462239585,2.3676889403150093e-06,,,,,,
4,39.0,FAST,-461.34313151041664,1.6094271405406855e-06,,,,,,
5,0.0,FAST,795.1069742838541,5e-05,,,,,,
5,1.0,FAST,188.40696903069815,0.0001,,,,,,
5,2.0,FAST,-63.49328033129374,9.984740801978984e-05,,,,,,
5,3.0,FAST,-179.1149164835612,9.939057285945931e-05,,,,,,
5,4.0,FAST,-234.18921025594076,9.863231105968498e-05,,,,,,
5,5.0,FAST,-277.7125066121419,9.75772975566101e-05,,,,,,
5,6.0,FAST,-308.6712989807129,9.623203685930868e-05,,,,,,
5,7.0,FAST,-335.0961774190267,9.46048229473242e-05,,,,,,
5,8.0,FAST,-351.68480555216473,9.270568813552755e-05,,,,,,
5,9.0,FAST,-362.6047960917155,9.054634122155989e-05,,,,,,
5,10.0,FAST,-370.86373647054035,8.814009529720152e-05,,,,,,
5,11.0,FAST,-379.04618072509766,8.550178566873408e-05,,,,,,
5,12.0,FAST,-385.86594645182294,8.264767839234409e-05,,,,,,
5,13.0,FAST,-392.4848467508952,7.959536998847741e-05,,,,,,
5,14.0,FAST,-398.8651072184245,7.636367895343945e-05,,,,,,
5,15.0,FAST,-404.2820994059245,7.297252973710755e-05,,,,,,
5,16.0,FAST,-409.617239634196,6.944282990207194e-05,,,,,,
5,17.0,FAST,-413.975591023763,6.57963412215599e-05,,,,,,
5,18.0,FAST,-418.2355779012044,6.205554551086731e-05,,,,,,
5,19.0,FAST,-422.2214813232422,5.824350601949142e-05,,,,,,
5,20.0,FAST,-425.28417587280273,5.438372523852832e-05,,,,,,
5,21.0,FAST,-429.09812418619794,5.0499999999999994e-05,,,,,,
5,22.0,FAST,-432.42546463012695,4.6616274761471674e-05,,,,,,
5,23.0,FAST,-435.5304997762044,4.275649398050858e-05,,,,,,
5,24.0,FAST,-438.0110041300456,3.894445448913268e-05,,,,,,
5,25.0,FAST,-440.92116673787433,3.52036587784401e-05,,,,,,
5,26.0,FAST,-443.26179122924805,3.155717009792805e-05,,,,,,
5,27.0,FAST,-444.5616175333659,2.802747026289243e-05,,,,,,
5,28.0,FAST,-447.8076655069987,2.463632104656053e-05,,,,,,
5,29.0,FAST,-448.68242263793945,2.1404630011522583e-05,,,,,,
5,30.0,FAST,-450.15378697713214,1.835232160765591e-05,,,,,,
5,31.0,FAST,-451.0358632405599,1.5498214331265897e-05,,,,,,
5,32.0,FAST,-452.90256754557294,1.2859904702798466e-05,,,,,,
5,33.0,FAST,-453.3524792989095,1.0453658778440104e-05,,,,,,
5,34.0,FAST,-454.4102045694987,8.294311864472434e-06,,,,,,
5,35.0,FAST,-454.5631039937337,6.395177052675791e-06,,,,,,
5,36.0,FAST,-455.4141985575358,4.767963140691304e-06,,,,,,
5,37.0,FAST,-455.66003799438477,3.4227024433898985e-06,,,,,,
5,38.0,FAST,-456.1146748860677,2.3676889403150093e-06,,,,,,
5,39.0,FAST,-456.28814061482746,1.6094271405406855e-06,,,,,,
6,0.0,FAST,1037.463602701823,5e-05,,,,,,
6,1.0,FAST,969.4418334960938,0.0001,,,,,,
6,2.0,FAST,869.8080444335938,9.984740801978984e-05,,,,,,
6,3.0,FAST,755.3127848307291,9.939057285945931e-05,,,,,,
6,4.0,FAST,631.7456461588541,9.863231105968498e-05,,,,,,
6,5.0,FAST,505.0457051595052,9.75772975566101e-05,,,,,,
6,6.0,FAST,380.03138224283856,9.623203685930868e-05,,,,,,
6,7.0,FAST,267.29144287109375,9.46048229473242e-05,,,,,,
6,8.0,FAST,177.40228271484375,9.270568813552755e-05,,,,,,
6,9.0,FAST,111.20908610026042,9.054634122155989e-05,,,,,,
6,10.0,FAST,68.39486948649089,8.814009529720152e-05,,,,,,
6,11.0,FAST,41.44963455200195,8.550178566873408e-05,,,,,,
6,12.0,FAST,25.237703959147137,8.264767839234409e-05,,,,,,
6,13.0,FAST,14.168209393819174,7.959536998847741e-05,,,,,,
6,14.0,FAST,2.7822271585464478,7.636367895343945e-05,,,,,,
6,15.0,FAST,-11.910874366760254,7.297252973710755e-05,,,,,,
6,16.0,FAST,-25.840835571289062,6.944282990207194e-05,,,,,,
6,17.0,FAST,-39.757162729899086,6.57963412215599e-05,,,,,,
6,18.0,FAST,-54.096856435139976,6.205554551086731e-05,,,,,,
6,19.0,FAST,-66.44272486368816,5.824350601949142e-05,,,,,,
6,20.0,FAST,-79.44478861490886,5.438372523852832e-05,,,,,,
6,21.0,FAST,-91.61084238688152,5.0499999999999994e-05,,,,,,
6,22.0,FAST,-100.5916976928711,4.6616274761471674e-05,,,,,,
6,23.0,FAST,-112.21997578938802,4.275649398050858e-05,,,,,,
6,24.0,FAST,-121.28896077473958,3.894445448913268e-05,,,,,,
6,25.0,FAST,-129.331423441569,3.52036587784401e-05,,,,,,
6,26.0,FAST,-137.47008260091147,3.155717009792805e-05,,,,,,
6,27.0,FAST,-144.3427937825521,2.802747026289243e-05,,,,,,
6,28.0,FAST,-149.6501668294271,2.463632104656053e-05,,,,,,
6,29.0,FAST,-154.58390299479166,2.1404630011522583e-05,,,,,,
6,30.0,FAST,-157.08810424804688,1.835232160765591e-05,,,,,,
6,31.0,FAST,-161.6764882405599,1.5498214331265897e-05,,,,,,
6,32.0,FAST,-163.47411600748697,1.2859904702798466e-05,,,,,,
6,33.0,FAST,-164.69005330403647,1.0453658778440104e-05,,,,,,
6,34.0,FAST,-165.8325653076172,8.294311864472434e-06,,,,,,
6,35.0,FAST,-168.31400553385416,6.395177052675791e-06,,,,,,
6,36.0,FAST,-168.26119995117188,4.767963140691304e-06,,,,,,
6,37.0,FAST,-170.62096659342447,3.4227024433898985e-06,,,,,,
6,38.0,FAST,-170.97815450032553,2.3676889403150093e-06,,,,,,
6,39.0,FAST,-171.30272420247397,1.6094271405406855e-06,,,,,,
7,0.0,FAST,809.9661724384015,5e-05,,,,,,
7,1.0,FAST,489.4239431527945,0.0001,,,,,,
7,2.0,FAST,98.42711279942439,9.984740801978984e-05,,,,,,
7,3.0,FAST,-17.991535608585064,9.939057285945931e-05,,,,,,
7,4.0,FAST,-95.10565655048077,9.863231105968498e-05,,,,,,
7,5.0,FAST,-162.33393742487982,9.75772975566101e-05,,,,,,
7,6.0,FAST,-193.5037325345553,9.623203685930868e-05,,,,,,
7,7.0,FAST,-208.5894974928636,9.46048229473242e-05,,,,,,
7,8.0,FAST,-226.2166724571815,9.270568813552755e-05,,,,,,
7,9.0,FAST,-251.68947073129507,9.054634122155989e-05,,,,,,
7,10.0,FAST,-274.4300771859976,8.814009529720152e-05,,,,,,
7,11.0,FAST,-292.2086510291466,8.550178566873408e-05,,,,,,
7,12.0,FAST,-307.5315856933594,8.264767839234409e-05,,,,,,
7,13.0,FAST,-318.1771897536058,7.959536998847741e-05,,,,,,
7,14.0,FAST,-327.0186838003305,7.636367895343945e-05,,,,,,
7,15.0,FAST,-333.68338716947113,7.297252973710755e-05,,,,,,
7,16.0,FAST,-339.1457730806791,6.944282990207194e-05,,,,,,
7,17.0,FAST,-345.2563687838041,6.57963412215599e-05,,,,,,
7,18.0,FAST,-348.15013709435095,6.205554551086731e-05,,,,,,
7,19.0,FAST,-352.73797372671277,5.824350601949142e-05,,,,,,
7,20.0,FAST,-358.12472064678485,5.438372523852832e-05,,,,,,
7,21.0,FAST,-359.97911189152643,5.0499999999999994e-05,,,,,,
7,22.0,FAST,-362.9887038010817,4.6616274761471674e-05,,,,,,
7,23.0,FAST,-365.233640230619,4.275649398050858e-05,,,,,,
7,24.0,FAST,-368.14443734975964,3.894445448913268e-05,,,,,,
7,25.0,FAST,-368.9189922626202,3.52036587784401e-05,,,,,,
7,26.0,FAST,-370.91387704702527,3.155717009792805e-05,,,,,,
7,27.0,FAST,-372.74828162560095,2.802747026289243e-05,,,,,,
7,28.0,FAST,-373.99477914663464,2.463632104656053e-05,,,,,,
7,29.0,FAST,-375.0381774902344,2.1404630011522583e-05,,,,,,
7,30.0,FAST,-376.2422086275541,1.835232160765591e-05,,,,,,
7,31.0,FAST,-377.0185312124399,1.5498214331265897e-05,,,,,,
7,32.0,FAST,-378.5982736440805,1.2859904702798466e-05,,,,,,
7,33.0,FAST,-379.4262390136719,1.0453658778440104e-05,,,,,,
7,34.0,FAST,-379.4360797588642,8.294311864472434e-06,,,,,,
7,35.0,FAST,-379.9606205866887,6.395177052675791e-06,,,,,,
7,36.0,FAST,-382.308100773738,4.767963140691304e-06,,,,,,
7,37.0,FAST,-381.5607135479267,3.4227024433898985e-06,,,,,,
7,38.0,FAST,-381.3555086576022,2.3676889403150093e-06,,,,,,
7,39.0,FAST,-381.57220693734973,1.6094271405406855e-06,,,,,,
8,0.0,FAST,664.9896636962891,5e-05,,,,,,
8,1.0,FAST,223.14694690704346,0.0001,,,,,,
8,2.0,FAST,-19.61234120130539,9.984740801978984e-05,,,,,,
8,3.0,FAST,-137.9652614593506,9.939057285945931e-05,,,,,,
8,4.0,FAST,-204.85723724365235,9.863231105968498e-05,,,,,,
8,5.0,FAST,-252.2930923461914,9.75772975566101e-05,,,,,,
8,6.0,FAST,-292.5481887817383,9.623203685930868e-05,,,,,,
8,7.0,FAST,-321.78167419433595,9.46048229473242e-05,,,,,,
8,8.0,FAST,-342.8023483276367,9.270568813552755e-05,,,,,,
8,9.0,FAST,-359.34081573486327,9.054634122155989e-05,,,,,,
8,10.0,FAST,-372.84668426513673,8.814009529720152e-05,,,,,,
8,11.0,FAST,-384.8552764892578,8.550178566873408e-05,,,,,,
8,12.0,FAST,-395.7510101318359,8.264767839234409e-05,,,,,,
8,13.0,FAST,-404.1552764892578,7.959536998847741e-05,,,,,,
8,14.0,FAST,-411.35517578125,7.636367895343945e-05,,,,,,
8,15.0,FAST,-417.52329711914064,7.297252973710755e-05,,,,,,
8,16.0,FAST,-423.3824630737305,6.944282990207194e-05,,,,,,
8,17.0,FAST,-428.9920318603516,6.57963412215599e-05,,,,,,
8,18.0,FAST,-433.94284973144534,6.205554551086731e-05,,,,,,
8,19.0,FAST,-438.5565185546875,5.824350601949142e-05,,,,,,
8,20.0,FAST,-443.2789505004883,5.438372523852832e-05,,,,,,
8,21.0,FAST,-447.44505920410154,5.0499999999999994e-05,,,,,,
8,22.0,FAST,-450.86204681396487,4.6616274761471674e-05,,,,,,
8,23.0,FAST,-454.4158172607422,4.275649398050858e-05,,,,,,
8,24.0,FAST,-457.4000930786133,3.894445448913268e-05,,,,,,
8,25.0,FAST,-460.236181640625,3.52036587784401e-05,,,,,,
8,26.0,FAST,-462.6629638671875,3.155717009792805e-05,,,,,,
8,27.0,FAST,-464.8019485473633,2.802747026289243e-05,,,,,,
8,28.0,FAST,-466.67462768554685,2.463632104656053e-05,,,,,,
8,29.0,FAST,-468.47863006591797,2.1404630011522583e-05,,,,,,
8,30.0,FAST,-470.00462951660154,1.835232160765591e-05,,,,,,
8,31.0,FAST,-471.24247283935546,1.5498214331265897e-05,,,,,,
8,32.0,FAST,-472.66183013916014,1.2859904702798466e-05,,,,,,
8,33.0,FAST,-473.60979919433595,1.0453658778440104e-05,,,,,,
8,34.0,FAST,-474.4983413696289,8.294311864472434e-06,,,,,,
8,35.0,FAST,-475.1627822875977,6.395177052675791e-06,,,,,,
8,36.0,FAST,-475.33643798828126,4.767963140691304e-06,,,,,,
8,37.0,FAST,-475.8497802734375,3.4227024433898985e-06,,,,,,
8,38.0,FAST,-476.2345504760742,2.3676889403150093e-06,,,,,,
8,39.0,FAST,-476.533837890625,1.6094271405406855e-06,,,,,,
9,0.0,FAST,821.2313598632812,5e-05,,,,,,
9,1.0,FAST,422.0895955403646,0.0001,,,,,,
9,2.0,FAST,42.48050164381663,9.984740801978984e-05,,,,,,
9,3.0,FAST,-57.501933034261064,9.939057285945931e-05,,,,,,
9,4.0,FAST,-154.80758463541667,9.863231105968498e-05,,,,,,
9,5.0,FAST,-210.51444498697916,9.75772975566101e-05,,,,,,
9,6.0,FAST,-229.0723653157552,9.623203685930868e-05,,,,,,
9,7.0,FAST,-239.00458882649738,9.46048229473242e-05,,,,,,
9,8.0,FAST,-250.25597432454427,9.270568813552755e-05,,,,,,
9,9.0,FAST,-260.71033833821616,9.054634122155989e-05,,,,,,
9,10.0,FAST,-271.1991434733073,8.814009529720152e-05,,,,,,
9,11.0,FAST,-280.4566121419271,8.550178566873408e-05,,,,,,
9,12.0,FAST,-287.7194844563802,8.264767839234409e-05,,,,,,
9,13.0,FAST,-296.38034871419273,7.959536998847741e-05,,,,,,
9,14.0,FAST,-303.6996765136719,7.636367895343945e-05,,,,,,
9,15.0,FAST,-310.1743123372396,7.297252973710755e-05,,,,,,
9,16.0,FAST,-316.43181762695315,6.944282990207194e-05,,,,,,
9,17.0,FAST,-322.1095377604167,6.57963412215599e-05,,,,,,
9,18.0,FAST,-327.24371134440105,6.205554551086731e-05,,,,,,
9,19.0,FAST,-331.5627075195313,5.824350601949142e-05,,,,,,
9,20.0,FAST,-335.48707885742186,5.438372523852832e-05,,,,,,
9,21.0,FAST,-339.4975341796875,5.0499999999999994e-05,,,,,,
9,22.0,FAST,-343.0543192545573,4.6616274761471674e-05,,,,,,
9,23.0,FAST,-345.18520304361977,4.275649398050858e-05,,,,,,
9,24.0,FAST,-347.4900675455729,3.894445448913268e-05,,,,,,
9,25.0,FAST,-349.7948364257812,3.52036587784401e-05,,,,,,
9,26.0,FAST,-351.8471394856771,3.155717009792805e-05,,,,,,
9,27.0,FAST,-353.9280314127604,2.802747026289243e-05,,,,,,
9,28.0,FAST,-355.48052368164065,2.463632104656053e-05,,,,,,
9,29.0,FAST,-355.65378824869794,2.1404630011522583e-05,,,,,,
9,30.0,FAST,-357.05992635091144,1.835232160765591e-05,,,,,,
9,31.0,FAST,-358.3070129394531,1.5498214331265897e-05,,,,,,
9,32.0,FAST,-359.86663411458335,1.2859904702798466e-05,,,,,,
9,33.0,FAST,-360.17381184895834,1.0453658778440104e-05,,,,,,
9,34.0,FAST,-360.27752482096355,8.294311864472434e-06,,,,,,
9,35.0,FAST,-361.03436889648435,6.395177052675791e-06,,,,,,
9,36.0,FAST,-361.4041768391927,4.767963140691304e-06,,,,,,
9,37.0,FAST,-361.8399373372396,3.4227024433898985e-06,,,,,,
9,38.0,FAST,-362.2143127441406,2.3676889403150093e-06,,,,,,
9,39.0,FAST,-361.8373189290365,1.6094271405406855e-06,,,,,,
10,0.0,FAST,952.2041974748884,5e-05,,,,,,
10,1.0,FAST,479.76719338553295,0.0001,,,,,,
10,2.0,FAST,53.131827218191965,9.984740801978984e-05,,,,,,
10,3.0,FAST,-50.16804872240339,9.939057285945931e-05,,,,,,
10,4.0,FAST,-147.34435163225447,9.863231105968498e-05,,,,,,
10,5.0,FAST,-218.18059866768974,9.75772975566101e-05,,,,,,
10,6.0,FAST,-244.29062434605189,9.623203685930868e-05,,,,,,
10,7.0,FAST,-255.28158678327287,9.46048229473242e-05,,,,,,
10,8.0,FAST,-265.47842189243863,9.270568813552755e-05,,,,,,
10,9.0,FAST,-275.9044712611607,9.054634122155989e-05,,,,,,
10,10.0,FAST,-286.03199768066406,8.814009529720152e-05,,,,,,
10,11.0,FAST,-295.9775870186942,8.550178566873408e-05,,,,,,
10,12.0,FAST,-305.07887050083707,8.264767839234409e-05,,,,,,
10,13.0,FAST,-314.27711486816406,7.959536998847741e-05,,,,,,
10,14.0,FAST,-322.30061994280135,7.636367895343945e-05,,,,,,
10,15.0,FAST,-329.79564121791293,7.297252973710755e-05,,,,,,
10,16.0,FAST,-336.8907448904855,6.944282990207194e-05,,,,,,
10,17.0,FAST,-342.84244428362166,6.57963412215599e-05,,,,,,
10,18.0,FAST,-348.38834490094865,6.205554551086731e-05,,,,,,
10,19.0,FAST,-352.90192740304127,5.824350601949142e-05,,,,,,
10,20.0,FAST,-357.388429914202,5.438372523852832e-05,,,,,,
10,21.0,FAST,-361.66038949149,5.0499999999999994e-05,,,,,,
10,22.0,FAST,-364.62513732910156,4.6616274761471674e-05,,,,,,
10,23.0,FAST,-367.52196611676897,4.275649398050858e-05,,,,,,
10,24.0,FAST,-370.3445260184152,3.894445448913268e-05,,,,,,
10,25.0,FAST,-373.06937735421315,3.52036587784401e-05,,,,,,
10,26.0,FAST,-374.97078595842635,3.155717009792805e-05,,,,,,
10,27.0,FAST,-377.5151563371931,2.802747026289243e-05,,,,,,
10,28.0,FAST,-379.0365099225725,2.463632104656053e-05,,,,,,
10,29.0,FAST,-380.0211094447545,2.1404630011522583e-05,,,,,,
10,30.0,FAST,-381.2803170340402,1.835232160765591e-05,,,,,,
10,31.0,FAST,-382.4473680768694,1.5498214331265897e-05,,,,,,
10,32.0,FAST,-383.18753705705916,1.2859904702798466e-05,,,,,,
10,33.0,FAST,-383.90064566476,1.0453658778440104e-05,,,,,,
10,34.0,FAST,-384.81885201590404,8.294311864472434e-06,,,,,,
10,35.0,FAST,-385.3271724155971,6.395177052675791e-06,,,,,,
10,36.0,FAST,-385.73411342075894,4.767963140691304e-06,,,,,,
10,37.0,FAST,-386.03393990652904,3.4227024433898985e-06,,,,,,
10,38.0,FAST,-386.377452305385,2.3676889403150093e-06,,,,,,
10,39.0,FAST,-386.5399649483817,1.6094271405406855e-06,,,,,,
11,0.0,FAST,739.4967275766226,5e-05,,,,,,
11,1.0,FAST,456.84883469801684,0.0001,,,,,,
11,2.0,FAST,99.28325594388522,9.984740801978984e-05,,,,,,
11,3.0,FAST,-8.289479484924904,9.939057285945931e-05,,,,,,
11,4.0,FAST,-80.63637982881986,9.863231105968498e-05,,,,,,
11,5.0,FAST,-143.74287884051984,9.75772975566101e-05,,,,,,
11,6.0,FAST,-182.40048217773438,9.623203685930868e-05,,,,,,
11,7.0,FAST,-215.13596520057092,9.46048229473242e-05,,,,,,
11,8.0,FAST,-243.8980489877554,9.270568813552755e-05,,,,,,
11,9.0,FAST,-266.2572490985577,9.054634122155989e-05,,,,,,
11,10.0,FAST,-283.87816209059497,8.814009529720152e-05,,,,,,
11,11.0,FAST,-298.54811213566705,8.550178566873408e-05,,,,,,
11,12.0,FAST,-311.33011568509613,8.264767839234409e-05,,,,,,
11,13.0,FAST,-322.33568162184497,7.959536998847741e-05,,,,,,
11,14.0,FAST,-332.36985896183893,7.636367895343945e-05,,,,,,
11,15.0,FAST,-341.4686490572416,7.297252973710755e-05,,,,,,
11,16.0,FAST,-349.5996398925781,6.944282990207194e-05,,,,,,
11,17.0,FAST,-357.0149817833534,6.57963412215599e-05,,,,,,
11,18.0,FAST,-362.9151939978966,6.205554551086731e-05,,,,,,
11,19.0,FAST,-367.9294950045072,5.824350601949142e-05,,,,,,
11,20.0,FAST,-372.74886380709137,5.438372523852832e-05,,,,,,
11,21.0,FAST,-377.3929208608774,5.0499999999999994e-05,,,,,,
11,22.0,FAST,-381.0885573167067,4.6616274761471674e-05,,,,,,
11,23.0,FAST,-384.04395705003003,4.275649398050858e-05,,,,,,
11,24.0,FAST,-387.61129291240985,3.894445448913268e-05,,,,,,
11,25.0,FAST,-390.58003586989184,3.52036587784401e-05,,,,,,
11,26.0,FAST,-392.97307645357574,3.155717009792805e-05,,,,,,
11,27.0,FAST,-395.0056410569411,2.802747026289243e-05,,,,,,
11,28.0,FAST,-397.3619948167067,2.463632104656053e-05,,,,,,
11,29.0,FAST,-398.7471360426683,2.1404630011522583e-05,,,,,,
11,30.0,FAST,-400.9346923828125,1.835232160765591e-05,,,,,,
11,31.0,FAST,-401.82933631310095,1.5498214331265897e-05,,,,,,
11,32.0,FAST,-402.65364426832934,1.2859904702798466e-05,,,,,,
11,33.0,FAST,-404.0978346604567,1.0453658778440104e-05,,,,,,
11,34.0,FAST,-405.01293006310095,8.294311864472434e-06,,,,,,
11,35.0,FAST,-405.54688908503607,6.395177052675791e-06,,,,,,
11,36.0,FAST,-406.0352454552284,4.767963140691304e-06,,,,,,
11,37.0,FAST,-406.108891413762,3.4227024433898985e-06,,,,,,
11,38.0,FAST,-406.2237501878005,2.3676889403150093e-06,,,,,,
11,39.0,FAST,-406.6511465219351,1.6094271405406855e-06,,,,,,
12,0.0,FAST,805.6101989746094,5e-05,,,,,,
12,1.0,FAST,402.0681438446045,0.0001,,,,,,
12,2.0,FAST,43.50739622116089,9.984740801978984e-05,,,,,,
12,3.0,FAST,-59.020105719566345,9.939057285945931e-05,,,,,,
12,4.0,FAST,-151.06028938293457,9.863231105968498e-05,,,,,,
12,5.0,FAST,-193.31942558288574,9.75772975566101e-05,,,,,,
12,6.0,FAST,-217.14560317993164,9.623203685930868e-05,,,,,,
12,7.0,FAST,-251.0620231628418,9.46048229473242e-05,,,,,,
12,8.0,FAST,-276.1724624633789,9.270568813552755e-05,,,,,,
12,9.0,FAST,-293.7220916748047,9.054634122155989e-05,,,,,,
12,10.0,FAST,-307.61091232299805,8.814009529720152e-05,,,,,,
12,11.0,FAST,-316.5684337615967,8.550178566873408e-05,,,,,,
12,12.0,FAST,-326.07579231262207,8.264767839234409e-05,,,,,,
12,13.0,FAST,-335.0581684112549,7.959536998847741e-05,,,,,,
12,14.0,FAST,-342.0054740905762,7.636367895343945e-05,,,,,,
12,15.0,FAST,-348.2155876159668,7.297252973710755e-05,,,,,,
12,16.0,FAST,-354.84375381469727,6.944282990207194e-05,,,,,,
12,17.0,FAST,-360.77404403686523,6.57963412215599e-05,,,,,,
12,18.0,FAST,-365.0314025878906,6.205554551086731e-05,,,,,,
12,19.0,FAST,-369.5722942352295,5.824350601949142e-05,,,,,,
12,20.0,FAST,-374.55348014831543,5.438372523852832e-05,,,,,,
12,21.0,FAST,-377.96514892578125,5.0499999999999994e-05,,,,,,
12,22.0,FAST,-382.38391876220703,4.6616274761471674e-05,,,,,,
12,23.0,FAST,-385.3344039916992,4.275649398050858e-05,,,,,,
12,24.0,FAST,-387.61853218078613,3.894445448913268e-05,,,,,,
12,25.0,FAST,-390.5530090332031,3.52036587784401e-05,,,,,,
12,26.0,FAST,-393.57357597351074,3.155717009792805e-05,,,,,,
12,27.0,FAST,-395.1533679962158,2.802747026289243e-05,,,,,,
12,28.0,FAST,-397.83868408203125,2.463632104656053e-05,,,,,,
12,29.0,FAST,-398.95319747924805,2.1404630011522583e-05,,,,,,
12,30.0,FAST,-400.95228004455566,1.835232160765591e-05,,,,,,
12,31.0,FAST,-402.3090572357178,1.5498214331265897e-05,,,,,,
12,32.0,FAST,-402.06139373779297,1.2859904702798466e-05,,,,,,
12,33.0,FAST,-403.3008613586426,1.0453658778440104e-05,,,,,,
12,34.0,FAST,-404.24659729003906,8.294311864472434e-06,,,,,,
12,35.0,FAST,-404.2921028137207,6.395177052675791e-06,,,,,,
12,36.0,FAST,-404.21923637390137,4.767963140691304e-06,,,,,,
12,37.0,FAST,-405.6067008972168,3.4227024433898985e-06,,,,,,
12,38.0,FAST,-405.1390571594238,2.3676889403150093e-06,,,,,,
12,39.0,FAST,-406.1810760498047,1.6094271405406855e-06,,,,,,
13,0.0,FAST,892.5836922781808,5e-05,,,,,,
13,1.0,FAST,500.097412109375,0.0001,,,,,,
13,2.0,FAST,92.90598392486572,9.984740801978984e-05,,,,,,
13,3.0,FAST,-6.817309175218854,9.939057285945931e-05,,,,,,
13,4.0,FAST,-84.63533401489258,9.863231105968498e-05,,,,,,
13,5.0,FAST,-143.28500420706612,9.75772975566101e-05,,,,,,
13,6.0,FAST,-170.10858590262276,9.623203685930868e-05,,,,,,
13,7.0,FAST,-188.66534096854073,9.46048229473242e-05,,,,,,
13,8.0,FAST,-204.91988590785436,9.270568813552755e-05,,,,,,
13,9.0,FAST,-220.65999930245536,9.054634122155989e-05,,,,,,
13,10.0,FAST,-235.11414337158203,8.814009529720152e-05,,,,,,
13,11.0,FAST,-248.07520185198103,8.550178566873408e-05,,,,,,
13,12.0,FAST,-259.8452682495117,8.264767839234409e-05,,,,,,
13,13.0,FAST,-269.8822762625558,7.959536998847741e-05,,,,,,
13,14.0,FAST,-278.04464285714283,7.636367895343945e-05,,,,,,
13,15.0,FAST,-285.0681392124721,7.297252973710755e-05,,,,,,
13,16.0,FAST,-291.2391902378627,6.944282990207194e-05,,,,,,
13,17.0,FAST,-297.02245439801897,6.57963412215599e-05,,,,,,
13,18.0,FAST,-302.08905247279574,6.205554551086731e-05,,,,,,
13,19.0,FAST,-306.77098083496094,5.824350601949142e-05,,,,,,
13,20.0,FAST,-310.5259355817522,5.438372523852832e-05,,,,,,
13,21.0,FAST,-314.3125893729074,5.0499999999999994e-05,,,,,,
13,22.0,FAST,-317.8021763392857,4.6616274761471674e-05,,,,,,
13,23.0,FAST,-321.0975559779576,4.275649398050858e-05,,,,,,
13,24.0,FAST,-323.74691990443637,3.894445448913268e-05,,,,,,
13,25.0,FAST,-326.4613603864397,3.52036587784401e-05,,,,,,
13,26.0,FAST,-328.9349931989397,3.155717009792805e-05,,,,,,
13,27.0,FAST,-331.02791268484935,2.802747026289243e-05,,,,,,
13,28.0,FAST,-332.9745548793248,2.463632104656053e-05,,,,,,
13,29.0,FAST,-334.6419241768973,2.1404630011522583e-05,,,,,,
13,30.0,FAST,-336.0416826520647,1.835232160765591e-05,,,,,,
13,31.0,FAST,-337.291981288365,1.5498214331265897e-05,,,,,,
13,32.0,FAST,-338.2561950683594,1.2859904702798466e-05,,,,,,
13,33.0,FAST,-339.0403856549944,1.0453658778440104e-05,,,,,,
13,34.0,FAST,-339.77164350237166,8.294311864472434e-06,,,,,,
13,35.0,FAST,-340.4810333251953,6.395177052675791e-06,,,,,,
13,36.0,FAST,-340.8929225376674,4.767963140691304e-06,,,,,,
13,37.0,FAST,-341.21665954589844,3.4227024433898985e-06,,,,,,
13,38.0,FAST,-341.5019727434431,2.3676889403150093e-06,,,,,,
13,39.0,FAST,-341.8106209891183,1.6094271405406855e-06,,,,,,
14,0.0,FAST,791.7995229867788,5e-05,,,,,,
14,1.0,FAST,479.38563420222357,0.0001,,,,,,
14,2.0,FAST,117.2736690227802,9.984740801978984e-05,,,,,,
14,3.0,FAST,-7.830980667701135,9.939057285945931e-05,,,,,,
14,4.0,FAST,-86.6157117990347,9.863231105968498e-05,,,,,,
14,5.0,FAST,-159.6239213209886,9.75772975566101e-05,,,,,,
14,6.0,FAST,-195.83282235952524,9.623203685930868e-05,,,,,,
14,7.0,FAST,-216.32451805701623,9.46048229473242e-05,,,,,,
14,8.0,FAST,-241.9813737135667,9.270568813552755e-05,,,,,,
14,9.0,FAST,-273.81795795147235,9.054634122155989e-05,,,,,,
14,10.0,FAST,-307.6329744779147,8.814009529720152e-05,,,,,,
14,11.0,FAST,-335.9988685021034,8.550178566873408e-05,,,,,,
14,12.0,FAST,-355.9985609788161,8.264767839234409e-05,,,,,,
14,13.0,FAST,-370.3882727989784,7.959536998847741e-05,,,,,,
14,14.0,FAST,-381.6150677020733,7.636367895343945e-05,,,,,,
14,15.0,FAST,-389.93082134540265,7.297252973710755e-05,,,,,,
14,16.0,FAST,-397.4878962590144,6.944282990207194e-05,,,,,,
14,17.0,FAST,-403.79513080303485,6.57963412215599e-05,,,,,,
14,18.0,FAST,-410.0025611290565,6.205554551086731e-05,,,,,,
14,19.0,FAST,-415.01067880483777,5.824350601949142e-05,,,,,,
14,20.0,FAST,-420.0053898737981,5.438372523852832e-05,,,,,,
14,21.0,FAST,-424.48353224534253,5.0499999999999994e-05,,,,,,
14,22.0,FAST,-428.63099553034857,4.6616274761471674e-05,,,,,,
14,23.0,FAST,-431.43919489933893,4.275649398050858e-05,,,,,,
14,24.0,FAST,-434.17394080528845,3.894445448913268e-05,,,,,,
14,25.0,FAST,-437.15594482421875,3.52036587784401e-05,,,,,,
14,26.0,FAST,-439.2906705416166,3.155717009792805e-05,,,,,,
14,27.0,FAST,-441.0592369666466,2.802747026289243e-05,,,,,,
14,28.0,FAST,-443.3743896484375,2.463632104656053e-05,,,,,,
14,29.0,FAST,-445.1211712176983,2.1404630011522583e-05,,,,,,
14,30.0,FAST,-446.7613994891827,1.835232160765591e-05,,,,,,
14,31.0,FAST,-448.44522564227765,1.5498214331265897e-05,,,,,,
14,32.0,FAST,-449.541259765625,1.2859904702798466e-05,,,,,,
14,33.0,FAST,-450.2128014197716,1.0453658778440104e-05,,,,,,
14,34.0,FAST,-451.0741999699519,8.294311864472434e-06,,,,,,
14,35.0,FAST,-451.7709749661959,6.395177052675791e-06,,,,,,
14,36.0,FAST,-452.28694504957934,4.767963140691304e-06,,,,,,
14,37.0,FAST,-452.8777254544772,3.4227024433898985e-06,,,,,,
14,38.0,FAST,-453.2460421048678,2.3676889403150093e-06,,,,,,
14,39.0,FAST,-453.5097210223858,1.6094271405406855e-06,,,,,,
0,,,,,leather,1.0,0.9283896666636399,1.0000000000000002,0.053708260063153025,1.0
0,,,,,Task_0_Average,1.0,0.9283896666636399,1.0000000000000002,0.053708260063153025,1.0
-1,,,,,Overall_Average,1.0,0.9283896666636399,1.0000000000000002,0.053708260063153025,1.0
0,,,,,leather,1.0,0.9283896666636399,1.0000000000000002,0.053708260063153025,1.0
1,,,,,grid,0.7059314954051796,0.766994626649883,0.8847793487673514,0.05097281603795034,1.0
0,,,,,Task_0_Average,1.0,0.9283896666636399,1.0000000000000002,0.053708260063153025,1.0
1,,,,,Task_1_Average,0.7059314954051796,0.766994626649883,0.8847793487673514,0.05097281603795034,1.0
-1,,,,,Overall_Average,0.8529657477025898,0.8476921466567615,0.9423896743836758,0.05234053805055168,1.0
0,,,,,leather,1.0,0.9283896666636399,1.0000000000000002,0.053708260063153025,1.0
1,,,,,grid,0.7059314954051796,0.766994626649883,0.8847793487673514,0.05097281603795034,1.0
2,,,,,transistor,0.7175,0.8820243071732078,0.7300273087246989,0.38776107978250707,1.0
0,,,,,Task_0_Average,1.0,0.9283896666636399,1.0000000000000002,0.053708260063153025,1.0
1,,,,,Task_1_Average,0.7059314954051796,0.766994626649883,0.8847793487673514,0.05097281603795034,1.0
2,,,,,Task_2_Average,0.7175,0.8820243071732078,0.7300273087246989,0.38776107978250707,1.0
-1,,,,,Overall_Average,0.8078104984683933,0.8591362001622436,0.8716022191640169,0.1641473852945368,1.0
0,,,,,leather,1.0,0.9283896666636399,1.0000000000000002,0.053708260063153025,1.0
1,,,,,grid,0.7059314954051796,0.766994626649883,0.8847793487673514,0.05097281603795034,1.0
2,,,,,transistor,0.7175,0.8820243071732078,0.7300273087246989,0.38776107978250707,1.0
3,,,,,carpet,0.9442215088282504,0.9006845350358204,0.9842825652582172,0.16212643220087855,1.0
0,,,,,Task_0_Average,1.0,0.9283896666636399,1.0000000000000002,0.053708260063153025,1.0
1,,,,,Task_1_Average,0.7059314954051796,0.766994626649883,0.8847793487673514,0.05097281603795034,1.0
2,,,,,Task_2_Average,0.7175,0.8820243071732078,0.7300273087246989,0.38776107978250707,1.0
3,,,,,Task_3_Average,0.9442215088282504,0.9006845350358204,0.9842825652582172,0.16212643220087855,1.0
-1,,,,,Overall_Average,0.8419132510583576,0.8695232838806377,0.899772305687567,0.16364214702112223,1.0
0,,,,,leather,1.0,0.9283896666636399,1.0000000000000002,0.053708260063153025,1.0
1,,,,,grid,0.7059314954051796,0.766994626649883,0.8847793487673514,0.05097281603795034,1.0
2,,,,,transistor,0.7175,0.8820243071732078,0.7300273087246989,0.38776107978250707,1.0
3,,,,,carpet,0.9442215088282504,0.9006845350358204,0.9842825652582172,0.16212643220087855,1.0
4,,,,,zipper,0.9535189075630253,0.9188318592590832,0.9825403000730013,0.23240769892919708,1.0
0,,,,,Task_0_Average,1.0,0.9283896666636399,1.0000000000000002,0.053708260063153025,1.0
1,,,,,Task_1_Average,0.7059314954051796,0.766994626649883,0.8847793487673514,0.05097281603795034,1.0
2,,,,,Task_2_Average,0.7175,0.8820243071732078,0.7300273087246989,0.38776107978250707,1.0
3,,,,,Task_3_Average,0.9442215088282504,0.9006845350358204,0.9842825652582172,0.16212643220087855,1.0
4,,,,,Task_4_Average,0.9535189075630253,0.9188318592590832,0.9825403000730013,0.23240769892919708,1.0
-1,,,,,Overall_Average,0.8642343823592912,0.8793849989563268,0.9163259045646539,0.1773952574027372,1.0
0,,,,,leather,1.0,0.9283896666636399,1.0000000000000002,0.053708260063153025,1.0
1,,,,,grid,0.7059314954051796,0.766994626649883,0.8847793487673514,0.05097281603795034,1.0
2,,,,,transistor,0.7175,0.8820243071732078,0.7300273087246989,0.38776107978250707,1.0
3,,,,,carpet,0.9442215088282504,0.9006845350358204,0.9842825652582172,0.16212643220087855,1.0
4,,,,,zipper,0.9535189075630253,0.9188318592590832,0.9825403000730013,0.23240769892919708,1.0
5,,,,,hazelnut,0.8221428571428572,0.8791068747033605,0.9038112639757518,0.16266985788396546,1.0
0,,,,,Task_0_Average,1.0,0.9283896666636399,1.0000000000000002,0.053708260063153025,1.0
1,,,,,Task_1_Average,0.7059314954051796,0.766994626649883,0.8847793487673514,0.05097281603795034,1.0
2,,,,,Task_2_Average,0.7175,0.8820243071732078,0.7300273087246989,0.38776107978250707,1.0
3,,,,,Task_3_Average,0.9442215088282504,0.9006845350358204,0.9842825652582172,0.16212643220087855,1.0
4,,,,,Task_4_Average,0.9535189075630253,0.9188318592590832,0.9825403000730013,0.23240769892919708,1.0
5,,,,,Task_5_Average,0.8221428571428572,0.8791068747033605,0.9038112639757518,0.16266985788396546,1.0
-1,,,,,Overall_Average,0.8572191281565522,0.8793386449141658,0.9142401311331702,0.17494102414960858,1.0
0,,,,,leather,1.0,0.9283896666636399,1.0000000000000002,0.053708260063153025,1.0
1,,,,,grid,0.7059314954051796,0.766994626649883,0.8847793487673514,0.05097281603795034,1.0
2,,,,,transistor,0.7175,0.8820243071732078,0.7300273087246989,0.38776107978250707,1.0
3,,,,,carpet,0.9442215088282504,0.9006845350358204,0.9842825652582172,0.16212643220087855,1.0
4,,,,,zipper,0.9535189075630253,0.9188318592590832,0.9825403000730013,0.23240769892919708,1.0
5,,,,,hazelnut,0.8221428571428572,0.8791068747033605,0.9038112639757518,0.16266985788396546,1.0
6,,,,,toothbrush,0.8,0.4771194517321773,0.9225020913001608,0.017189539270232763,0.8333333333333334
0,,,,,Task_0_Average,1.0,0.9283896666636399,1.0000000000000002,0.053708260063153025,1.0
1,,,,,Task_1_Average,0.7059314954051796,0.766994626649883,0.8847793487673514,0.05097281603795034,1.0
2,,,,,Task_2_Average,0.7175,0.8820243071732078,0.7300273087246989,0.38776107978250707,1.0
3,,,,,Task_3_Average,0.9442215088282504,0.9006845350358204,0.9842825652582172,0.16212643220087855,1.0
4,,,,,Task_4_Average,0.9535189075630253,0.9188318592590832,0.9825403000730013,0.23240769892919708,1.0
5,,,,,Task_5_Average,0.8221428571428572,0.8791068747033605,0.9038112639757518,0.16266985788396546,1.0
6,,,,,Task_6_Average,0.8,0.4771194517321773,0.9225020913001608,0.017189539270232763,0.8333333333333334
-1,,,,,Overall_Average,0.8490449669913305,0.8218787601738817,0.915420411157026,0.15240509773826919,0.9903047091412742
0,,,,,leather,1.0,0.9283896666636399,1.0000000000000002,0.053708260063153025,1.0
1,,,,,grid,0.7059314954051796,0.766994626649883,0.8847793487673514,0.05097281603795034,1.0
2,,,,,transistor,0.7175,0.8820243071732078,0.7300273087246989,0.38776107978250707,1.0
3,,,,,carpet,0.9442215088282504,0.9006845350358204,0.9842825652582172,0.16212643220087855,1.0
4,,,,,zipper,0.9535189075630253,0.9188318592590832,0.9825403000730013,0.23240769892919708,1.0
5,,,,,hazelnut,0.8221428571428572,0.8791068747033605,0.9038112639757518,0.16266985788396546,1.0
6,,,,,toothbrush,0.8,0.4771194517321773,0.9225020913001608,0.017189539270232763,0.8333333333333334
7,,,,,metal_nut,0.8582600195503421,0.8319947838858455,0.9630171957664466,0.3040419376983664,1.0
0,,,,,Task_0_Average,1.0,0.9283896666636399,1.0000000000000002,0.053708260063153025,1.0
1,,,,,Task_1_Average,0.7059314954051796,0.766994626649883,0.8847793487673514,0.05097281603795034,1.0
2,,,,,Task_2_Average,0.7175,0.8820243071732078,0.7300273087246989,0.38776107978250707,1.0
3,,,,,Task_3_Average,0.9442215088282504,0.9006845350358204,0.9842825652582172,0.16212643220087855,1.0
4,,,,,Task_4_Average,0.9535189075630253,0.9188318592590832,0.9825403000730013,0.23240769892919708,1.0
5,,,,,Task_5_Average,0.8221428571428572,0.8791068747033605,0.9038112639757518,0.16266985788396546,1.0
6,,,,,Task_6_Average,0.8,0.4771194517321773,0.9225020913001608,0.017189539270232763,0.8333333333333334
7,,,,,Task_7_Average,0.8582600195503421,0.8319947838858455,0.9630171957664466,0.3040419376983664,1.0
-1,,,,,Overall_Average,0.8501968485612068,0.8231432631378772,0.9213700092332036,0.17135970273328133,0.991636798088411
0,,,,,leather,1.0,0.9283896666636399,1.0000000000000002,0.053708260063153025,1.0
1,,,,,grid,0.7059314954051796,0.766994626649883,0.8847793487673514,0.05097281603795034,1.0
2,,,,,transistor,0.7175,0.8820243071732078,0.7300273087246989,0.38776107978250707,1.0
3,,,,,carpet,0.9442215088282504,0.9006845350358204,0.9842825652582172,0.16212643220087855,1.0
4,,,,,zipper,0.9535189075630253,0.9188318592590832,0.9825403000730013,0.23240769892919708,1.0
5,,,,,hazelnut,0.8221428571428572,0.8791068747033605,0.9038112639757518,0.16266985788396546,1.0
6,,,,,toothbrush,0.8,0.4771194517321773,0.9225020913001608,0.017189539270232763,0.8333333333333334
7,,,,,metal_nut,0.8582600195503421,0.8319947838858455,0.9630171957664466,0.3040419376983664,1.0
8,,,,,screw,0.093461774953884,0.43196890176550806,0.5560652969388549,0.0020317883808970726,1.0
0,,,,,Task_0_Average,1.0,0.9283896666636399,1.0000000000000002,0.053708260063153025,1.0
1,,,,,Task_1_Average,0.7059314954051796,0.766994626649883,0.8847793487673514,0.05097281603795034,1.0
2,,,,,Task_2_Average,0.7175,0.8820243071732078,0.7300273087246989,0.38776107978250707,1.0
3,,,,,Task_3_Average,0.9442215088282504,0.9006845350358204,0.9842825652582172,0.16212643220087855,1.0
4,,,,,Task_4_Average,0.9535189075630253,0.9188318592590832,0.9825403000730013,0.23240769892919708,1.0
5,,,,,Task_5_Average,0.8221428571428572,0.8791068747033605,0.9038112639757518,0.16266985788396546,1.0
6,,,,,Task_6_Average,0.8,0.4771194517321773,0.9225020913001608,0.017189539270232763,0.8333333333333334
7,,,,,Task_7_Average,0.8582600195503421,0.8319947838858455,0.9630171957664466,0.3040419376983664,1.0
8,,,,,Task_8_Average,0.093461774953884,0.43196890176550806,0.5560652969388549,0.0020317883808970726,1.0
-1,,,,,Overall_Average,0.7661151737159487,0.779679445207614,0.8807805967560537,0.15254549002746087,0.9929789368104313
0,,,,,leather,1.0,0.9283896666636399,1.0000000000000002,0.053708260063153025,1.0
1,,,,,grid,0.7059314954051796,0.766994626649883,0.8847793487673514,0.05097281603795034,1.0
2,,,,,transistor,0.7175,0.8820243071732078,0.7300273087246989,0.38776107978250707,1.0
3,,,,,carpet,0.9442215088282504,0.9006845350358204,0.9842825652582172,0.16212643220087855,1.0
4,,,,,zipper,0.9535189075630253,0.9188318592590832,0.9825403000730013,0.23240769892919708,1.0
5,,,,,hazelnut,0.8221428571428572,0.8791068747033605,0.9038112639757518,0.16266985788396546,1.0
6,,,,,toothbrush,0.8,0.4771194517321773,0.9225020913001608,0.017189539270232763,0.8333333333333334
7,,,,,metal_nut,0.8582600195503421,0.8319947838858455,0.9630171957664466,0.3040419376983664,1.0
8,,,,,screw,0.093461774953884,0.43196890176550806,0.5560652969388549,0.0020317883808970726,1.0
9,,,,,wood,0.9385964912280702,0.8125372794858843,0.9782593883928093,0.22534878423215704,1.0
0,,,,,Task_0_Average,1.0,0.9283896666636399,1.0000000000000002,0.053708260063153025,1.0
1,,,,,Task_1_Average,0.7059314954051796,0.766994626649883,0.8847793487673514,0.05097281603795034,1.0
2,,,,,Task_2_Average,0.7175,0.8820243071732078,0.7300273087246989,0.38776107978250707,1.0
3,,,,,Task_3_Average,0.9442215088282504,0.9006845350358204,0.9842825652582172,0.16212643220087855,1.0
4,,,,,Task_4_Average,0.9535189075630253,0.9188318592590832,0.9825403000730013,0.23240769892919708,1.0
5,,,,,Task_5_Average,0.8221428571428572,0.8791068747033605,0.9038112639757518,0.16266985788396546,1.0
6,,,,,Task_6_Average,0.8,0.4771194517321773,0.9225020913001608,0.017189539270232763,0.8333333333333334
7,,,,,Task_7_Average,0.8582600195503421,0.8319947838858455,0.9630171957664466,0.3040419376983664,1.0
8,,,,,Task_8_Average,0.093461774953884,0.43196890176550806,0.5560652969388549,0.0020317883808970726,1.0
9,,,,,Task_9_Average,0.9385964912280702,0.8125372794858843,0.9782593883928093,0.22534878423215704,1.0
-1,,,,,Overall_Average,0.7833633054671608,0.7829652286354409,0.8905284759197294,0.15982581944793048,0.9934944237918215
0,,,,,leather,1.0,0.9283896666636399,1.0000000000000002,0.053708260063153025,1.0
1,,,,,grid,0.7059314954051796,0.766994626649883,0.8847793487673514,0.05097281603795034,1.0
2,,,,,transistor,0.7175,0.8820243071732078,0.7300273087246989,0.38776107978250707,1.0
3,,,,,carpet,0.9442215088282504,0.9006845350358204,0.9842825652582172,0.16212643220087855,1.0
4,,,,,zipper,0.9535189075630253,0.9188318592590832,0.9825403000730013,0.23240769892919708,1.0
5,,,,,hazelnut,0.8221428571428572,0.8791068747033605,0.9038112639757518,0.16266985788396546,1.0
6,,,,,toothbrush,0.8,0.4771194517321773,0.9225020913001608,0.017189539270232763,0.8333333333333334
7,,,,,metal_nut,0.8582600195503421,0.8319947838858455,0.9630171957664466,0.3040419376983664,1.0
8,,,,,screw,0.093461774953884,0.43196890176550806,0.5560652969388549,0.0020317883808970726,1.0
9,,,,,wood,0.9385964912280702,0.8125372794858843,0.9782593883928093,0.22534878423215704,1.0
10,,,,,tile,0.9819624819624819,0.7573054520926957,0.9930231545191452,0.13057708577305896,0.8632478632478633
0,,,,,Task_0_Average,1.0,0.9283896666636399,1.0000000000000002,0.053708260063153025,1.0
1,,,,,Task_1_Average,0.7059314954051796,0.766994626649883,0.8847793487673514,0.05097281603795034,1.0
2,,,,,Task_2_Average,0.7175,0.8820243071732078,0.7300273087246989,0.38776107978250707,1.0
3,,,,,Task_3_Average,0.9442215088282504,0.9006845350358204,0.9842825652582172,0.16212643220087855,1.0
4,,,,,Task_4_Average,0.9535189075630253,0.9188318592590832,0.9825403000730013,0.23240769892919708,1.0
5,,,,,Task_5_Average,0.8221428571428572,0.8791068747033605,0.9038112639757518,0.16266985788396546,1.0
6,,,,,Task_6_Average,0.8,0.4771194517321773,0.9225020913001608,0.017189539270232763,0.8333333333333334
7,,,,,Task_7_Average,0.8582600195503421,0.8319947838858455,0.9630171957664466,0.3040419376983664,1.0
8,,,,,Task_8_Average,0.093461774953884,0.43196890176550806,0.5560652969388549,0.0020317883808970726,1.0
9,,,,,Task_9_Average,0.9385964912280702,0.8125372794858843,0.9782593883928093,0.22534878423215704,1.0
10,,,,,Task_10_Average,0.9819624819624819,0.7573054520926957,0.9930231545191452,0.13057708577305896,0.8632478632478633
-1,,,,,Overall_Average,0.8014177760576445,0.7806325216770097,0.8998461739742217,0.1571668436593058,0.980720871751886
0,,,,,leather,1.0,0.9283896666636399,1.0000000000000002,0.053708260063153025,1.0
1,,,,,grid,0.7059314954051796,0.766994626649883,0.8847793487673514,0.05097281603795034,1.0
2,,,,,transistor,0.7175,0.8820243071732078,0.7300273087246989,0.38776107978250707,1.0
3,,,,,carpet,0.9442215088282504,0.9006845350358204,0.9842825652582172,0.16212643220087855,1.0
4,,,,,zipper,0.9535189075630253,0.9188318592590832,0.9825403000730013,0.23240769892919708,1.0
5,,,,,hazelnut,0.8221428571428572,0.8791068747033605,0.9038112639757518,0.16266985788396546,1.0
6,,,,,toothbrush,0.8,0.4771194517321773,0.9225020913001608,0.017189539270232763,0.8333333333333334
7,,,,,metal_nut,0.8582600195503421,0.8319947838858455,0.9630171957664466,0.3040419376983664,1.0
8,,,,,screw,0.093461774953884,0.43196890176550806,0.5560652969388549,0.0020317883808970726,1.0
9,,,,,wood,0.9385964912280702,0.8125372794858843,0.9782593883928093,0.22534878423215704,1.0
10,,,,,tile,0.9819624819624819,0.7573054520926957,0.9930231545191452,0.13057708577305896,0.8632478632478633
11,,,,,capsule,0.6968488232947747,0.8806623091732372,0.913403638221437,0.0833711280593441,1.0
0,,,,,Task_0_Average,1.0,0.9283896666636399,1.0000000000000002,0.053708260063153025,1.0
1,,,,,Task_1_Average,0.7059314954051796,0.766994626649883,0.8847793487673514,0.05097281603795034,1.0
2,,,,,Task_2_Average,0.7175,0.8820243071732078,0.7300273087246989,0.38776107978250707,1.0
3,,,,,Task_3_Average,0.9442215088282504,0.9006845350358204,0.9842825652582172,0.16212643220087855,1.0
4,,,,,Task_4_Average,0.9535189075630253,0.9188318592590832,0.9825403000730013,0.23240769892919708,1.0
5,,,,,Task_5_Average,0.8221428571428572,0.8791068747033605,0.9038112639757518,0.16266985788396546,1.0
6,,,,,Task_6_Average,0.8,0.4771194517321773,0.9225020913001608,0.017189539270232763,0.8333333333333334
7,,,,,Task_7_Average,0.8582600195503421,0.8319947838858455,0.9630171957664466,0.3040419376983664,1.0
8,,,,,Task_8_Average,0.093461774953884,0.43196890176550806,0.5560652969388549,0.0020317883808970726,1.0
9,,,,,Task_9_Average,0.9385964912280702,0.8125372794858843,0.9782593883928093,0.22534878423215704,1.0
10,,,,,Task_10_Average,0.9819624819624819,0.7573054520926957,0.9930231545191452,0.13057708577305896,0.8632478632478633
11,,,,,Task_11_Average,0.6968488232947747,0.8806623091732372,0.913403638221437,0.0833711280593441,1.0
-1,,,,,Overall_Average,0.7927036966607387,0.7889683373016952,0.9009759626614896,0.15101720069264232,0.9826415094339622
0,,,,,leather,1.0,0.9283896666636399,1.0000000000000002,0.053708260063153025,1.0
1,,,,,grid,0.7059314954051796,0.766994626649883,0.8847793487673514,0.05097281603795034,1.0
2,,,,,transistor,0.7175,0.8820243071732078,0.7300273087246989,0.38776107978250707,1.0
3,,,,,carpet,0.9442215088282504,0.9006845350358204,0.9842825652582172,0.16212643220087855,1.0
4,,,,,zipper,0.9535189075630253,0.9188318592590832,0.9825403000730013,0.23240769892919708,1.0
5,,,,,hazelnut,0.8221428571428572,0.8791068747033605,0.9038112639757518,0.16266985788396546,1.0
6,,,,,toothbrush,0.8,0.4771194517321773,0.9225020913001608,0.017189539270232763,0.8333333333333334
7,,,,,metal_nut,0.8582600195503421,0.8319947838858455,0.9630171957664466,0.3040419376983664,1.0
8,,,,,screw,0.093461774953884,0.43196890176550806,0.5560652969388549,0.0020317883808970726,1.0
9,,,,,wood,0.9385964912280702,0.8125372794858843,0.9782593883928093,0.22534878423215704,1.0
10,,,,,tile,0.9819624819624819,0.7573054520926957,0.9930231545191452,0.13057708577305896,0.8632478632478633
11,,,,,capsule,0.6968488232947747,0.8806623091732372,0.913403638221437,0.0833711280593441,1.0
12,,,,,pill,0.6674849972722313,0.8896297173957579,0.9214563084216486,0.2441868148858433,0.9820359281437125
0,,,,,Task_0_Average,1.0,0.9283896666636399,1.0000000000000002,0.053708260063153025,1.0
1,,,,,Task_1_Average,0.7059314954051796,0.766994626649883,0.8847793487673514,0.05097281603795034,1.0
2,,,,,Task_2_Average,0.7175,0.8820243071732078,0.7300273087246989,0.38776107978250707,1.0
3,,,,,Task_3_Average,0.9442215088282504,0.9006845350358204,0.9842825652582172,0.16212643220087855,1.0
4,,,,,Task_4_Average,0.9535189075630253,0.9188318592590832,0.9825403000730013,0.23240769892919708,1.0
5,,,,,Task_5_Average,0.8221428571428572,0.8791068747033605,0.9038112639757518,0.16266985788396546,1.0
6,,,,,Task_6_Average,0.8,0.4771194517321773,0.9225020913001608,0.017189539270232763,0.8333333333333334
7,,,,,Task_7_Average,0.8582600195503421,0.8319947838858455,0.9630171957664466,0.3040419376983664,1.0
8,,,,,Task_8_Average,0.093461774953884,0.43196890176550806,0.5560652969388549,0.0020317883808970726,1.0
9,,,,,Task_9_Average,0.9385964912280702,0.8125372794858843,0.9782593883928093,0.22534878423215704,1.0
10,,,,,Task_10_Average,0.9819624819624819,0.7573054520926957,0.9930231545191452,0.13057708577305896,0.8632478632478633
11,,,,,Task_11_Average,0.6968488232947747,0.8806623091732372,0.913403638221437,0.0833711280593441,1.0
12,,,,,Task_12_Average,0.6674849972722313,0.8896297173957579,0.9214563084216486,0.2441868148858433,0.9820359281437125
-1,,,,,Overall_Average,0.7830714890154689,0.7967115203858539,0.9025513738738096,0.15818409409211934,0.982573726541555
0,,,,,leather,1.0,0.9283896666636399,1.0000000000000002,0.053708260063153025,1.0
1,,,,,grid,0.7059314954051796,0.766994626649883,0.8847793487673514,0.05097281603795034,1.0
2,,,,,transistor,0.7175,0.8820243071732078,0.7300273087246989,0.38776107978250707,1.0
3,,,,,carpet,0.9442215088282504,0.9006845350358204,0.9842825652582172,0.16212643220087855,1.0
4,,,,,zipper,0.9535189075630253,0.9188318592590832,0.9825403000730013,0.23240769892919708,1.0
5,,,,,hazelnut,0.8221428571428572,0.8791068747033605,0.9038112639757518,0.16266985788396546,1.0
6,,,,,toothbrush,0.8,0.4771194517321773,0.9225020913001608,0.017189539270232763,0.8333333333333334
7,,,,,metal_nut,0.8582600195503421,0.8319947838858455,0.9630171957664466,0.3040419376983664,1.0
8,,,,,screw,0.093461774953884,0.43196890176550806,0.5560652969388549,0.0020317883808970726,1.0
9,,,,,wood,0.9385964912280702,0.8125372794858843,0.9782593883928093,0.22534878423215704,1.0
10,,,,,tile,0.9819624819624819,0.7573054520926957,0.9930231545191452,0.13057708577305896,0.8632478632478633
11,,,,,capsule,0.6968488232947747,0.8806623091732372,0.913403638221437,0.0833711280593441,1.0
12,,,,,pill,0.6674849972722313,0.8896297173957579,0.9214563084216486,0.2441868148858433,0.9820359281437125
13,,,,,cable,0.8300224887556221,0.7992714715795982,0.8881177233428251,0.1738154843846091,0.9933333333333333
0,,,,,Task_0_Average,1.0,0.9283896666636399,1.0000000000000002,0.053708260063153025,1.0
1,,,,,Task_1_Average,0.7059314954051796,0.766994626649883,0.8847793487673514,0.05097281603795034,1.0
2,,,,,Task_2_Average,0.7175,0.8820243071732078,0.7300273087246989,0.38776107978250707,1.0
3,,,,,Task_3_Average,0.9442215088282504,0.9006845350358204,0.9842825652582172,0.16212643220087855,1.0
4,,,,,Task_4_Average,0.9535189075630253,0.9188318592590832,0.9825403000730013,0.23240769892919708,1.0
5,,,,,Task_5_Average,0.8221428571428572,0.8791068747033605,0.9038112639757518,0.16266985788396546,1.0
6,,,,,Task_6_Average,0.8,0.4771194517321773,0.9225020913001608,0.017189539270232763,0.8333333333333334
7,,,,,Task_7_Average,0.8582600195503421,0.8319947838858455,0.9630171957664466,0.3040419376983664,1.0
8,,,,,Task_8_Average,0.093461774953884,0.43196890176550806,0.5560652969388549,0.0020317883808970726,1.0
9,,,,,Task_9_Average,0.9385964912280702,0.8125372794858843,0.9782593883928093,0.22534878423215704,1.0
10,,,,,Task_10_Average,0.9819624819624819,0.7573054520926957,0.9930231545191452,0.13057708577305896,0.8632478632478633
11,,,,,Task_11_Average,0.6968488232947747,0.8806623091732372,0.913403638221437,0.0833711280593441,1.0
12,,,,,Task_12_Average,0.6674849972722313,0.8896297173957579,0.9214563084216486,0.2441868148858433,0.9820359281437125
13,,,,,Task_13_Average,0.8300224887556221,0.7992714715795982,0.8881177233428251,0.1738154843846091,0.9933333333333333
-1,,,,,Overall_Average,0.7864251318540513,0.7968943740425499,0.9015203988358821,0.15930062197015432,0.9835566382460414
0,,,,,leather,1.0,0.9283896666636399,1.0000000000000002,0.053708260063153025,1.0
1,,,,,grid,0.7059314954051796,0.766994626649883,0.8847793487673514,0.05097281603795034,1.0
2,,,,,transistor,0.7175,0.8820243071732078,0.7300273087246989,0.38776107978250707,1.0
3,,,,,carpet,0.9442215088282504,0.9006845350358204,0.9842825652582172,0.16212643220087855,1.0
4,,,,,zipper,0.9535189075630253,0.9188318592590832,0.9825403000730013,0.23240769892919708,1.0
5,,,,,hazelnut,0.8221428571428572,0.8791068747033605,0.9038112639757518,0.16266985788396546,1.0
6,,,,,toothbrush,0.8,0.4771194517321773,0.9225020913001608,0.017189539270232763,0.8333333333333334
7,,,,,metal_nut,0.8582600195503421,0.8319947838858455,0.9630171957664466,0.3040419376983664,1.0
8,,,,,screw,0.093461774953884,0.43196890176550806,0.5560652969388549,0.0020317883808970726,1.0
9,,,,,wood,0.9385964912280702,0.8125372794858843,0.9782593883928093,0.22534878423215704,1.0
10,,,,,tile,0.9819624819624819,0.7573054520926957,0.9930231545191452,0.13057708577305896,0.8632478632478633
11,,,,,capsule,0.6968488232947747,0.8806623091732372,0.913403638221437,0.0833711280593441,1.0
12,,,,,pill,0.6674849972722313,0.8896297173957579,0.9214563084216486,0.2441868148858433,0.9820359281437125
13,,,,,cable,0.8300224887556221,0.7992714715795982,0.8881177233428251,0.1738154843846091,0.9933333333333333
14,,,,,bottle,0.9992063492063492,0.901057214867262,0.999751984126984,0.2919613475836599,1.0
0,,,,,Task_0_Average,1.0,0.9283896666636399,1.0000000000000002,0.053708260063153025,1.0
1,,,,,Task_1_Average,0.7059314954051796,0.766994626649883,0.8847793487673514,0.05097281603795034,1.0
2,,,,,Task_2_Average,0.7175,0.8820243071732078,0.7300273087246989,0.38776107978250707,1.0
3,,,,,Task_3_Average,0.9442215088282504,0.9006845350358204,0.9842825652582172,0.16212643220087855,1.0
4,,,,,Task_4_Average,0.9535189075630253,0.9188318592590832,0.9825403000730013,0.23240769892919708,1.0
5,,,,,Task_5_Average,0.8221428571428572,0.8791068747033605,0.9038112639757518,0.16266985788396546,1.0
6,,,,,Task_6_Average,0.8,0.4771194517321773,0.9225020913001608,0.017189539270232763,0.8333333333333334
7,,,,,Task_7_Average,0.8582600195503421,0.8319947838858455,0.9630171957664466,0.3040419376983664,1.0
8,,,,,Task_8_Average,0.093461774953884,0.43196890176550806,0.5560652969388549,0.0020317883808970726,1.0
9,,,,,Task_9_Average,0.9385964912280702,0.8125372794858843,0.9782593883928093,0.22534878423215704,1.0
10,,,,,Task_10_Average,0.9819624819624819,0.7573054520926957,0.9930231545191452,0.13057708577305896,0.8632478632478633
11,,,,,Task_11_Average,0.6968488232947747,0.8806623091732372,0.913403638221437,0.0833711280593441,1.0
12,,,,,Task_12_Average,0.6674849972722313,0.8896297173957579,0.9214563084216486,0.2441868148858433,0.9820359281437125
13,,,,,Task_13_Average,0.8300224887556221,0.7992714715795982,0.8881177233428251,0.1738154843846091,0.9933333333333333
14,,,,,Task_14_Average,0.9992063492063492,0.901057214867262,0.999751984126984,0.2919613475836599,1.0
-1,,,,,Overall_Average,0.8006105463442045,0.803838563430864,0.9080691711886222,0.16814467034438801,0.9843478260869565
